Beta,acc_reg,Intervals,time,avg_power,twall,final_time,b_optimal
0.05,0.0,72,36,23308.98734299702,253.179725,37.000000312999525,False
0.05,1.0,72,36,23308.457693671167,249.788405,36.999989231161884,False
0.05,1000000.0,72,36,23312.071021417185,9.152578,37.00000031590672,True
0.05,5000000.0,72,36,23282.616324209645,9.573587,37.00000032129234,True
0.05,10000000.0,72,36,23250.184133843155,15.877308,37.00000032458016,True
0.05,50000000.0,72,36,23311.69940213565,267.155979,36.99999579173095,False
0.05,100000000.0,72,36,22559.750641501993,15.028441,37.00000035291602,True
0.1,0.0,72,36,23290.07431608693,221.863501,37.00000031464615,False
0.1,1.0,72,36,23259.38817748404,301.422438,36.99998923807259,False
0.1,1000000.0,72,36,23288.41818638852,11.743113,37.00000031794411,True
0.1,5000000.0,72,36,23242.416245500135,10.513822,37.000000321552086,True
0.1,10000000.0,72,36,23212.617952070384,13.954231,37.00000032653372,True
0.1,50000000.0,72,36,23299.710959912063,30.562822,37.00000034691867,True
0.1,100000000.0,72,36,22555.90717243429,16.249221,37.000000353166584,True
0.15,0.0,72,36,23278.02664427832,9.289133,37.00000031674238,True
0.15,1.0,72,36,23278.0266378069,11.026313,37.00000031674238,True
0.15,1000000.0,72,36,23271.596693298485,9.559967,37.00000031774356,True
0.15,5000000.0,72,36,23245.610237855577,273.177644,36.999990911336084,False
0.15,10000000.0,72,36,23194.505695664142,14.520482,37.000000326968355,True
0.15,50000000.0,72,36,22924.027231927386,12.563391,37.000000345528434,True
0.15,100000000.0,72,36,22502.716853713682,17.248449,37.00000035320977,True
0.2,0.0,72,36,23259.785138949304,10.492599,37.000000316991446,True
0.2,1.0,72,36,23259.785132602206,10.477873,37.000000316991446,True
0.2,1000000.0,72,36,23231.615420992683,8.468693,37.00000031877238,True
0.2,5000000.0,72,36,23210.1313058997,17.018158,37.00000032409079,True
0.2,10000000.0,72,36,-3082.9448774053294,10806.145256,36.17825250912659,False
0.2,50000000.0,72,36,23271.38166322023,28.207947,37.00000034752306,True
0.2,100000000.0,72,36,22485.603893930722,24.894657,37.00000035335139,True
0.25,0.0,72,36,23218.117246857797,12.639395,37.000000318426515,True
0.25,1.0,72,36,23218.1172392484,9.811677,37.000000318426515,True
0.25,1000000.0,72,36,23240.86441590141,12.018572,37.00000032275618,True
0.25,5000000.0,72,36,23216.04967286092,8.383129,37.000000324374206,True
0.25,10000000.0,72,36,23194.07618572197,244.999335,36.99999272250633,False
0.25,50000000.0,72,36,23254.413221412604,18.783968,37.00000034780494,True
0.25,100000000.0,72,36,22468.290196833514,10.859827,37.00000035348997,True
0.3,0.0,72,36,23199.883686244597,9.723128,37.00000031967456,True
0.3,1.0,72,36,23464.964704582675,12.024829,37.00000032471314,True
0.3,1000000.0,72,36,23193.481036470956,8.389607,37.000000320988846,True
0.3,5000000.0,72,36,23175.257581122252,14.631156,37.00000032575142,True
0.3,10000000.0,72,36,23175.75891740999,235.941284,36.99999259691268,False
0.3,50000000.0,72,36,22906.64367855619,8.982881,37.000000346236725,True
0.3,100000000.0,72,36,22471.23932966288,11.870349,37.0000003535969,True
0.35,0.0,72,36,23182.455939577852,9.040446,37.000000321329516,True
0.35,1.0,72,36,23143.565594858468,12.122582,37.00000032224603,True
0.35,1000000.0,72,36,23136.32713895283,8.225236,37.00000032337153,True
0.35,5000000.0,72,36,23159.874783648553,242.09386,37.00000032676855,False
0.35,10000000.0,72,36,23138.5004319364,10.999844,37.000000331419166,True
0.35,50000000.0,72,36,22869.004061424646,15.35041,37.00000034682972,True
0.35,100000000.0,72,36,22433.045181341204,10.425509,37.00000035375666,True
0.4,0.0,72,36,23125.933129958878,10.184025,37.000000323631994,True
0.4,1.0,72,36,23158.64403704807,9.339975,37.000000323292824,True
0.4,1000000.0,72,36,23120.157484062696,10.204015,37.00000032471537,True
0.4,5000000.0,72,36,23145.368067677296,8.627278,37.00000032797193,True
0.4,10000000.0,72,36,23124.500156626786,9.781451,37.00000033227492,True
0.4,50000000.0,72,36,22879.671851304403,8.135656,37.00000034682213,True
0.4,100000000.0,72,36,22415.104633591905,9.501831,37.00000035388583,True
0.45,0.0,72,36,23130.317328002875,9.231041,37.00000032513228,True
0.45,1.0,72,36,23130.317317764515,11.315982,37.00000032513228,True
0.45,1000000.0,72,36,23152.42160569561,19.038225,37.000000325668346,True
0.45,5000000.0,72,36,23117.869603509247,140.338952,36.998013532884514,False
0.45,10000000.0,72,36,23430.99245688407,12.613679,37.00000033506027,True
0.45,50000000.0,72,36,22865.98380886651,8.71149,37.00000034711793,True
0.45,100000000.0,72,36,22415.910964678234,15.19501,37.00000035398484,True
0.5,0.0,72,36,23093.485735166367,16.073184,37.000000326529175,True
0.5,1.0,72,36,23143.457233652505,9.567187,37.00000032610036,True
0.5,1000000.0,72,36,23138.122833974772,11.042324,37.000000327090504,True
0.5,5000000.0,72,36,23144.730637451885,274.853502,36.99999278722375,False
0.5,10000000.0,72,36,23080.1964993299,12.669102,37.00000033417421,True
0.5,50000000.0,72,36,22828.398324853704,13.14838,37.000000347613394,True
0.5,100000000.0,72,36,22378.563782299287,8.721496,37.00000035413361,True
0.6,0.0,72,36,23420.857575336784,250.207364,36.99999290356417,False
0.6,1.0,72,36,23123.15147959888,15.430378,37.00000032973861,True
0.6,1000000.0,72,36,23419.775038317883,268.62884,37.00000033250138,False
0.6,5000000.0,72,36,23127.99649763348,27.997069,37.00000033365603,True
0.6,10000000.0,72,36,23032.278245417154,11.785707,37.000000335721516,True
0.6,50000000.0,72,36,22824.288990478213,7.9256,37.00000034792918,True
0.6,100000000.0,72,36,22376.21341343198,12.15791,37.00000035437022,True
