Beta,acc_reg,Intervals,time,avg_power,twall,final_time,b_optimal
0.05,0.0,66,33,22861.05581789783,16.649872,34.00000031525953,True
0.05,1.0,66,33,22861.05581863451,6.307622,34.00000031525953,True
0.05,1000000.0,66,33,22860.5211760153,8.826811,34.00000031562193,True
0.05,5000000.0,66,33,22826.181393959458,7.624638,34.000000318119135,True
0.05,10000000.0,66,33,22739.64538457909,7.092379,34.00000031857251,True
0.05,50000000.0,66,33,22412.558867510845,12.189736,34.00000032587694,True
0.05,100000000.0,66,33,22026.66581106197,10.356906,34.00000032967417,True
0.1,0.0,66,33,22838.491005129268,11.341272,34.000000315814624,True
0.1,1.0,66,33,22811.543231946256,6.970826,34.00000031518779,True
0.1,1000000.0,66,33,22809.85760635534,9.315738,34.00000031564207,True
0.1,5000000.0,66,33,22790.499781803548,7.512418,34.00000031763179,True
0.1,10000000.0,66,33,12934.421564823737,65.832663,33.906183571597495,False
0.1,50000000.0,66,33,22432.91777906108,8.504584,34.00000032612498,True
0.1,100000000.0,66,33,21973.8867775578,10.289908,34.00000032968559,True
0.15,0.0,66,33,22804.18143143334,12.059184,34.000000315619495,True
0.15,1.0,66,33,22802.443223058657,14.457513,34.000000316253406,True
0.15,1000000.0,66,33,22823.47081028595,14.591222,34.0000003167306,True
0.15,5000000.0,66,33,22768.984767556165,7.624705,34.00000031862016,True
0.15,10000000.0,66,33,22975.009783848916,6.370901,34.000000319991585,True
0.15,50000000.0,66,33,22379.344011300494,9.886718,34.000000326163956,True
0.15,100000000.0,66,33,22249.68321450575,9.382678,34.00000032983632,True
0.2,0.0,66,33,22816.935757706644,8.88066,34.00000031690935,True
0.2,1.0,66,33,22816.935753152393,9.070337,34.00000031690939,True
0.2,1000000.0,66,33,22798.58877420276,9.648538,34.00000031796002,True
0.2,5000000.0,66,33,22756.787857022817,11.311241,34.00000031904231,True
0.2,10000000.0,66,33,22964.355037062003,5.740193,34.00000032035552,True
0.2,50000000.0,66,33,22362.436090807994,7.551048,34.000000326301624,True
0.2,100000000.0,66,33,21970.537844470706,14.562952,34.000000329887506,True
0.25,0.0,66,33,22771.559597485077,9.707578,34.000000317892436,True
0.25,1.0,66,33,23016.974441011615,5.548939,34.00000031720261,True
0.25,1000000.0,66,33,22774.153931780504,6.660674,34.00000031762821,True
0.25,5000000.0,66,33,22741.699264713247,6.069444,34.000000319440886,True
0.25,10000000.0,66,33,22678.844999960984,7.091348,34.00000032044895,True
0.25,50000000.0,66,33,22345.316741526178,12.393871,34.000000326435526,True
0.25,100000000.0,66,33,22623.801378943706,18.989868,34.00000032158547,True
0.3,0.0,66,33,22726.827877287178,7.889896,34.00000031742921,True
0.3,1.0,66,33,22758.106157251426,7.425335,34.00000031833887,True
0.3,1000000.0,66,33,22982.992568741523,7.352371,34.0000003185607,True
0.3,5000000.0,66,33,22729.50994536841,9.807476,34.00000031970165,True
0.3,10000000.0,66,33,22652.714673427497,6.668811,34.00000032109919,True
0.3,50000000.0,66,33,22327.9834024728,6.995813,34.000000326565804,True
0.3,100000000.0,66,33,21889.661953339404,13.13452,34.00000032996713,True
0.35,0.0,66,33,22764.8886252779,10.022655,34.00000031889185,True
0.35,1.0,66,33,22708.464636076864,9.444994,34.00000031843171,True
0.35,1000000.0,66,33,22759.337325571538,7.679998,34.00000031918361,True
0.35,5000000.0,66,33,22703.288066476533,6.631802,34.00000032054734,True
0.35,10000000.0,66,33,22690.283920521906,6.688197,34.00000032169628,True
0.35,50000000.0,66,33,22310.438461912865,6.700824,34.000000326692636,True
0.35,100000000.0,66,33,22948.021207447782,250.576116,33.999993106216394,False
0.4,0.0,66,33,22694.006460596895,9.02233,34.00000031886178,True
0.4,1.0,66,33,22730.44505706026,6.754142,34.0000003190607,True
0.4,1000000.0,66,33,22643.235066990896,9.570927,34.00000031881781,True
0.4,5000000.0,66,33,22664.54812046879,8.84397,34.00000032024506,True
0.4,10000000.0,66,33,22624.66290332342,8.194636,34.000000321675294,True
0.4,50000000.0,66,33,22292.687643985493,6.335296,34.00000032681624,True
0.4,100000000.0,66,33,21846.455290860038,16.866844,34.00000033012153,True
0.45,0.0,66,33,22955.89003454329,6.552539,34.000000319490304,True
0.45,1.0,66,33,22715.17017069327,9.636342,34.00000031946671,True
0.45,1000000.0,66,33,22933.838644927244,7.754373,34.000000320086684,True
0.45,5000000.0,66,33,22604.516360552425,6.533579,34.00000032030791,True
0.45,10000000.0,66,33,22614.3065974312,6.850116,34.00000032165167,True
0.45,50000000.0,66,33,22657.44151883018,6.783709,34.00000032733581,True
0.45,100000000.0,66,33,17492.246408807954,20.502646,34.00000032643377,True
0.5,0.0,66,33,22927.92158980764,8.156446,34.000000320178245,True
0.5,1.0,66,33,22619.811079873747,15.995985,34.00000031935597,True
0.5,1000000.0,66,33,22658.549393176818,7.988868,34.00000031993776,True
0.5,5000000.0,66,33,22904.060414707248,7.649986,34.00000032118733,True
0.5,10000000.0,66,33,22869.442078453987,8.029624,34.00000032262696,True
0.5,50000000.0,66,33,22256.592449029937,9.184147,34.00000032705463,True
0.5,100000000.0,66,33,22522.763162925305,20.636152,34.00000032253163,True
Beta,acc_reg,Intervals,time,avg_power,twall,final_time,b_optimal
0.05,0.0,66,33,22832.25272482045,12.068534,34.000000314944806,True
0.05,1.0,66,33,22861.055818635974,9.816453,34.00000031525953,True
0.05,1000000.0,66,33,22845.9722913945,7.4973,34.000000315470004,True
0.05,5000000.0,66,33,22826.181393962146,8.394699,34.000000318119135,True
0.05,10000000.0,66,33,22994.723674134177,6.793891,34.00000031924293,True
0.05,50000000.0,66,33,22760.90153539632,6.661885,34.00000032632045,True
0.05,100000000.0,66,33,21992.34413091799,8.274064,34.00000032961504,True
0.1,0.0,66,33,22838.491005154003,10.210192,34.000000315814624,True
0.1,1.0,66,33,22838.491002653096,12.1158,34.000000315814624,True
0.1,1000000.0,66,33,22847.67740350502,9.478625,34.00000031631884,True
0.1,5000000.0,66,33,23025.91255810897,6.379719,34.00000031761209,True
0.1,10000000.0,66,33,22720.23700291074,6.10445,34.000000319476925,True
0.1,50000000.0,66,33,22396.047911167854,9.662742,34.000000326022416,True
0.1,100000000.0,66,33,22274.64307092906,8.253714,34.00000032977,True
0.15,0.0,66,33,22827.7581560955,6.339286,34.000000316341726,True
0.15,1.0,66,33,22835.92245620487,9.354672,34.000000315756175,True
0.15,1000000.0,66,33,22836.13941835173,10.777333,34.00000031682282,True
0.15,5000000.0,66,33,23016.729732803473,5.726739,34.000000318037856,True
0.15,10000000.0,66,33,22710.206566488356,7.877551,34.000000319316236,True
0.15,50000000.0,66,33,22415.942384446607,9.841118,34.000000326262175,True
0.15,100000000.0,66,33,21953.95590521022,9.982426,34.00000032975834,True
0.2,0.0,66,33,22816.935756452516,8.118383,34.00000031690938,True
0.2,1.0,66,33,22816.93575020381,8.717398,34.00000031690946,True
0.2,1000000.0,66,33,22798.588774200613,7.20423,34.00000031796002,True
0.2,5000000.0,66,33,22720.901316355747,9.51628,34.000000318827794,True
0.2,10000000.0,66,33,22964.355037062993,5.89892,34.00000032035552,True
0.2,50000000.0,66,33,22727.667928589388,7.392613,34.00000032672102,True
0.2,100000000.0,66,33,22223.745670848904,13.170348,34.00000032990096,True
0.25,0.0,66,33,23016.974444900097,7.18697,34.00000031720261,True
0.25,1.0,66,33,22779.63377209716,6.496349,34.00000031729862,True
0.25,1000000.0,66,33,22774.153931781908,5.791421,34.00000031762821,True
0.25,5000000.0,66,33,22732.00225764908,13.164997,34.00000031984686,True
0.25,10000000.0,66,33,22701.460814242924,7.864004,34.00000032105594,True
0.25,50000000.0,66,33,22345.316741525254,8.696956,34.000000326435526,True
0.25,100000000.0,66,33,21951.01265143067,14.024427,34.0000003299453,True
0.3,0.0,66,33,22779.571310116327,9.16708,34.000000318470995,True
0.3,1.0,66,33,22721.328839891656,7.304095,34.000000318090066,True
0.3,1000000.0,66,33,22715.449756900874,7.250931,34.00000031840842,True
0.3,5000000.0,66,33,22694.23085713481,10.340896,34.00000031949539,True
0.3,10000000.0,66,33,22684.181872068697,6.548227,34.00000032128144,True
0.3,50000000.0,66,33,22332.40522968746,8.577161,34.000000326662416,True
0.3,100000000.0,66,33,21889.661953339208,10.724478,34.00000032996713,True
0.35,0.0,66,33,22743.783030082126,9.465778,34.000000318721426,True
0.35,1.0,66,33,22708.46463813612,8.66985,34.00000031843171,True
0.35,1000000.0,66,33,22738.501851681558,11.121592,34.000000318984526,True
0.35,5000000.0,66,33,22955.129785314035,5.668091,34.000000320126546,True
0.35,10000000.0,66,33,22669.31443004159,7.388337,34.00000032158357,True
0.35,50000000.0,66,33,22310.438461913305,5.703404,34.000000326692636,True
0.35,100000000.0,66,33,22589.494218436983,20.537281,34.00000032225575,True
0.4,0.0,66,33,22730.445063259776,6.333949,34.0000003190607,True
0.4,1.0,66,33,22694.00645486194,7.395556,34.00000031886178,True
0.4,1000000.0,66,33,22688.23272203032,18.367233,34.00000031915607,True
0.4,5000000.0,66,33,22927.264739759652,6.335667,34.00000032073433,True
0.4,10000000.0,66,33,22624.66290332353,7.406009,34.000000321675294,True
0.4,50000000.0,66,33,22328.66886006784,5.859887,34.000000326911504,True
0.4,100000000.0,66,33,19102.697492686373,6.404613,34.00000032601015,True
0.45,0.0,66,33,22670.79543575999,6.379439,34.00000031980891,True
0.45,1.0,66,33,22955.890030250925,5.584806,34.000000319490304,True
0.45,1000000.0,66,33,22628.690263616772,5.898251,34.000000319234914,True
0.45,5000000.0,66,33,22914.34107560746,6.199792,34.000000320893996,True
0.45,10000000.0,66,33,22611.653032790193,6.868004,34.0000003219057,True
0.45,50000000.0,66,33,22274.737242681622,9.472784,34.000000326936835,True
0.45,100000000.0,66,33,17492.246408807725,19.401911,34.00000032643377,True
0.5,0.0,66,33,22927.921589805985,7.682063,34.000000320178245,True
0.5,1.0,66,33,22656.38656068553,9.674847,34.000000320177,True
0.5,1000000.0,66,33,22614.102213610022,7.296008,34.0000003196289,True
0.5,5000000.0,66,33,22587.111055014488,6.895931,34.000000320849345,True
0.5,10000000.0,66,33,22869.442078455573,7.575348,34.00000032262696,True
0.5,50000000.0,66,33,22318.721502821438,10.176238,34.00000032732229,True
0.5,100000000.0,66,33,21845.956236382845,21.753903,34.0000003303162,True
