Beta,acc_reg,Intervals,time,avg_power,twall,final_time,b_optimal
0.05,0.0,62,31,22399.104277016537,5.043673,32.00000030687048,True
0.05,1.0,62,31,22381.755503101653,7.447303,32.00000030687288,True
0.05,1000000.0,62,31,22159.266555405055,7.172956,32.000000306692584,True
0.05,5000000.0,62,31,22110.497298510694,12.970055,32.00000030684722,True
0.05,10000000.0,62,31,22366.81670117379,6.869695,32.000000307922654,True
0.05,50000000.0,62,31,21756.33623558019,20.383776,32.00000031052592,True
0.05,80000000.0,62,31,21812.392970011584,8.225441,32.00000031219205,True
0.05,100000000.0,62,31,21431.543826591933,19.143286,32.00000030797365,True
0.1,0.0,62,31,22380.995647848147,9.522095,32.00000030696793,True
0.1,1.0,62,31,22119.437989030386,9.458567,32.000000306371916,True
0.1,1000000.0,62,31,22118.480257092822,14.81174,32.000000306490485,True
0.1,5000000.0,62,31,22109.30277252272,10.051908,32.00000030677059,True
0.1,10000000.0,62,31,22038.942133547564,9.499922,32.000000306948394,True
0.1,50000000.0,62,31,22070.111278555978,10.605699,32.00000031099834,True
0.1,80000000.0,62,31,21795.901997615034,7.187621,32.00000031224978,True
0.1,100000000.0,62,31,21376.865066229184,14.585725,32.000000312944245,True
0.15,0.0,62,31,22156.720613165755,9.302918,32.000000306792785,True
0.15,1.0,62,31,22156.720611795758,6.776692,32.000000306792785,True
0.15,1000000.0,62,31,22059.488148481727,11.001798,32.00000030612829,True
0.15,5000000.0,62,31,9812.298550356532,94.209403,31.92714045546838,False
0.15,10000000.0,62,31,22345.343250204318,7.156534,32.000000307843834,True
0.15,50000000.0,62,31,22051.9466506819,9.653428,32.000000311062806,True
0.15,80000000.0,62,31,21529.27571331334,13.095498,32.000000312241056,True
0.15,100000000.0,62,31,21355.813160413094,13.575787,32.000000312996455,True
0.2,0.0,62,31,22376.908238927543,6.417455,32.00000030721359,True
0.2,1.0,62,31,22113.02480129396,8.493595,32.000000306582784,True
0.2,1000000.0,62,31,22374.89730632962,8.209565,32.00000030732367,True
0.2,5000000.0,62,31,22364.277950704953,6.693988,32.00000030772504,True
0.2,10000000.0,62,31,22310.4439884839,9.334057,32.00000030799794,True
0.2,50000000.0,62,31,22029.14067209394,6.674185,32.00000031111315,True
0.2,80000000.0,62,31,21761.549691051787,14.487321,32.000000312361585,True
0.2,100000000.0,62,31,21334.24019547535,14.148981,32.00000031304755,True
0.25,0.0,62,31,22372.434737276828,6.36295,32.000000307308696,True
0.25,1.0,62,31,22107.275580709862,9.918733,32.000000306658876,True
0.25,1000000.0,62,31,22048.531919187644,11.140071,32.00000030650515,True
0.25,5000000.0,62,31,22015.443030058905,11.728153,32.00000030707821,True
0.25,10000000.0,62,31,21989.38665926136,12.013057,32.000000307579214,True
0.25,50000000.0,62,31,22000.955377211652,8.656998,32.000000311147424,True
0.25,80000000.0,62,31,21710.314365578375,15.33348,32.000000312538205,True
0.25,100000000.0,62,31,19379.857410975415,27.026444,32.00000030879283,True
0.3,0.0,62,31,22105.727483846575,9.512708,32.00000030676705,True
0.3,1.0,62,31,22365.45489755979,12.003241,32.0000003074152,True
0.3,1000000.0,62,31,22070.858520704187,12.947562,32.0000003070216,True
0.3,5000000.0,62,31,22313.21342799685,8.535414,32.00000030775576,True
0.3,10000000.0,62,31,22291.425998674567,7.893302,32.00000030822976,True
0.3,50000000.0,62,31,21977.84373048635,10.770932,32.00000031121182,True
0.3,80000000.0,62,31,22467.52923332803,33.526369,32.00000030621226,True
0.3,100000000.0,62,31,21328.407152710395,24.391823,32.00000030828597,True
0.35,0.0,62,31,22355.591751359185,8.774379,32.00000030756009,True
0.35,1.0,62,31,22355.591747005823,7.364203,32.00000030756009,True
0.35,1000000.0,62,31,22350.87443051637,7.967345,32.00000030767306,True
0.35,5000000.0,62,31,22330.393935933014,14.440819,32.00000030789488,True
0.35,10000000.0,62,31,22281.235955681408,14.085524,32.00000030838621,True
0.35,50000000.0,62,31,21954.722385059707,9.853599,32.00000031126837,True
0.35,80000000.0,62,31,22405.92409085252,55.136552,32.00000030666489,True
0.35,100000000.0,62,31,19329.882606349853,30.730023,32.000000308878725,True
0.4,0.0,62,31,22316.643693823615,16.251816,32.000000307717066,True
0.4,1.0,62,31,22316.643691610443,11.387492,32.000000307717066,True
0.4,1000000.0,62,31,22127.488239041722,9.900018,32.00000030759072,True
0.4,5000000.0,62,31,22294.572718107076,7.291826,32.000000307995855,True
0.4,10000000.0,62,31,22269.969084240744,11.244859,32.00000030855695,True
0.4,50000000.0,62,31,21931.988540180097,9.458355,32.00000031131983,True
0.4,80000000.0,62,31,22006.109144344395,18.971196,32.00000030684408,True
0.4,100000000.0,62,31,21288.630733874445,18.288244,32.000000308409426,True
0.45,0.0,62,31,22308.203296421147,7.589054,32.00000030782811,True
0.45,1.0,62,31,22010.149809485352,9.072036,32.0000003069007,True
0.45,1000000.0,62,31,22329.92874748625,10.215544,32.000000307840395,True
0.45,5000000.0,62,31,22284.555369159192,7.704637,32.00000030815798,True
0.45,10000000.0,62,31,22230.77421952069,7.296944,32.0000003086507,True
0.45,50000000.0,62,31,21666.996764823558,8.684471,32.000000311218116,True
0.45,80000000.0,62,31,20676.42170680631,14.754452,32.00000031175143,True
0.45,100000000.0,62,31,21834.826740149518,16.659894,32.00000030814553,True
0.5,0.0,62,31,22326.331417993213,12.740781,32.000000307889145,True
0.5,1.0,62,31,21987.358054523917,8.553097,32.00000030720482,True
0.5,1000000.0,62,31,22292.862402312745,9.337211,32.00000030787333,True
0.5,5000000.0,62,31,22241.47711440224,16.5329,32.00000030831408,True
0.5,10000000.0,62,31,22244.695054351097,10.399902,32.00000030884431,True
0.5,50000000.0,62,31,21891.598529970677,10.770726,32.000000311433546,True
0.5,80000000.0,62,31,22256.381786643844,19.007824,32.00000030600094,True
0.5,100000000.0,62,31,20383.075999555593,20.438055,32.00000030890391,True
