Beta,acc_reg,Intervals,time,avg_power,twall,final_time,b_optimal
0.05,0.0,50,25,16753.141486245033,11.827712,26.00000025683979,True
0.05,1.0,50,25,16752.740200441775,5.665695,26.00000025651018,True
0.05,1000000.0,50,25,16753.492325588224,6.073049,26.0000002565266,True
0.05,5000000.0,50,25,16758.750388839762,5.559631,26.000000256581323,True
0.05,10000000.0,50,25,16724.793718382687,6.576855,26.000000257530697,True
0.05,50000000.0,50,25,16509.161766142654,7.30595,26.000000257460805,True
0.05,80000000.0,50,25,12689.365765071014,6.993237,26.000000256221945,True
0.05,100000000.0,50,25,7345.2819954805045,10.126214,26.000000256215138,True
0.1,0.0,50,25,16728.802121585108,6.522057,26.00000025728381,True
0.1,1.0,50,25,16742.57610490783,7.425515,26.000000257315445,True
0.1,1000000.0,50,25,16756.795901791105,4.857031,26.000000256538215,True
0.1,5000000.0,50,25,16758.212483836956,5.375004,26.00000025659727,True
0.1,10000000.0,50,25,16653.29021079071,5.519589,26.00000025707155,True
0.1,50000000.0,50,25,16144.825875703547,5.838912,26.00000025652185,True
0.1,80000000.0,50,25,8049.318973454708,12.017984,26.00000025594368,True
0.1,100000000.0,50,25,7297.929790295816,10.561751,26.0000002562711,True
0.15,0.0,50,25,16778.045291259234,7.448524,26.000000257188464,True
0.15,1.0,50,25,16757.043649450072,5.829862,26.00000025653446,True
0.15,1000000.0,50,25,16728.322800509617,7.401697,26.00000025677737,True
0.15,5000000.0,50,25,16756.593869516004,6.748643,26.00000025734687,True
0.15,10000000.0,50,25,16747.5222804276,5.916104,26.000000257377536,True
0.15,50000000.0,50,25,16536.957923104615,7.193563,26.00000025714784,True
0.15,80000000.0,50,25,15088.67591248585,5.388201,26.00000025650706,True
0.15,100000000.0,50,25,7277.421957785565,14.143875,26.000000256338275,True
0.2,0.0,50,25,16755.021519381,8.5768,26.00000025686351,True
0.2,1.0,50,25,16690.934587861786,7.002053,26.00000025698361,True
0.2,1000000.0,50,25,16716.29776234468,6.937365,26.000000257447017,True
0.2,5000000.0,50,25,16752.684185503276,7.392913,26.000000257343768,True
0.2,10000000.0,50,25,16743.96321109625,5.654675,26.000000256689262,True
0.2,50000000.0,50,25,8777.440664932334,17.400865,26.000000255682227,True
0.2,80000000.0,50,25,16217.381050692185,6.621767,26.000000257741693,True
0.2,100000000.0,50,25,7177.11063980626,11.417079,26.000000256323776,True
0.25,0.0,50,25,16754.956656522958,4.94382,26.000000256558405,True
0.25,1.0,50,25,16754.956655898364,4.556935,26.000000256558405,True
0.25,1000000.0,50,25,16752.46906828967,6.822632,26.00000025657719,True
0.25,5000000.0,50,25,16631.41924351753,7.02132,26.00000025707453,True
0.25,10000000.0,50,25,16736.69779283368,5.069515,26.000000256706834,True
0.25,50000000.0,50,25,15334.394604301744,6.227337,26.000000256178026,True
0.25,80000000.0,50,25,7700.506980752944,11.037822,26.000000255940012,True
0.25,100000000.0,50,25,6886.781503034301,11.360049,26.00000025620027,True
0.3,0.0,50,25,16751.448678148066,7.426451,26.00000025730826,True
0.3,1.0,50,25,16751.371633810693,4.887635,26.000000256571063,True
0.3,1000000.0,50,25,16748.877662841525,6.060365,26.000000256590756,True
0.3,5000000.0,50,25,16743.625905136087,7.570633,26.000000256644913,True
0.3,10000000.0,50,25,16706.965808412948,11.683943,26.000000257028354,True
0.3,50000000.0,50,25,15312.20245594752,6.555019,26.000000256207414,True
0.3,80000000.0,50,25,13814.55651086153,6.824044,26.000000256401847,True
0.3,100000000.0,50,25,6888.830390328792,12.868419,26.000000256226063,True
0.35,0.0,50,25,16662.074395721345,8.461307,26.000000257035992,True
0.35,1.0,50,25,16746.202199751348,7.535864,26.00000025730494,True
0.35,1000000.0,50,25,16659.307424640887,6.1027,26.000000257045922,True
0.35,5000000.0,50,25,16623.90242070947,7.011814,26.000000257052395,True
0.35,10000000.0,50,25,16722.173558715444,5.647618,26.000000256729475,True
0.35,50000000.0,50,25,8625.357008750792,14.737624,26.00000025566957,True
0.35,80000000.0,50,25,16150.09448514791,6.726415,26.000000257769877,True
0.35,100000000.0,50,25,15921.528615689878,5.052109,26.000000257920906,True
0.4,0.0,50,25,16622.51797184483,7.106737,26.00000025705482,True
0.4,1.0,50,25,16648.077799984923,5.061692,26.000000257015977,True
0.4,1000000.0,50,25,16740.12254766973,6.619294,26.000000256617163,True
0.4,5000000.0,50,25,16657.692433101885,6.62579,26.000000257042515,True
0.4,10000000.0,50,25,16637.994595081604,6.345529,26.00000025709867,True
0.4,50000000.0,50,25,16370.100138607455,8.603407,26.000000257544123,True
0.4,80000000.0,50,25,7621.8340405047065,8.704654,26.00000025611494,True
0.4,100000000.0,50,25,6730.273323976221,11.142359,26.000000256245187,True
0.45,0.0,50,25,16735.079230156276,7.297254,26.000000256625576,True
0.45,1.0,50,25,16647.952004687675,7.346867,26.000000257001727,True
0.45,1000000.0,50,25,16706.32336891763,7.094728,26.00000025696847,True
0.45,5000000.0,50,25,16276.314035612628,4.769977,26.000000256044846,True
0.45,10000000.0,50,25,16701.05265693156,4.711819,26.000000256748905,True
0.45,50000000.0,50,25,16354.133282597448,6.644576,26.00000025753418,True
0.45,80000000.0,50,25,7414.277374114706,8.055504,26.000000256066166,True
0.45,100000000.0,50,25,6647.536192648933,8.470968,26.00000025629251,True
0.5,0.0,50,25,16627.434030453678,6.358118,26.000000257032433,True
0.5,1.0,50,25,16609.483606627567,5.946018,26.000000257031928,True
0.5,1000000.0,50,25,16648.855737049205,8.157355,26.000000257019746,True
0.5,5000000.0,50,25,16710.541655339217,5.256511,26.000000256698392,True
0.5,10000000.0,50,25,16609.8181302372,9.54144,26.000000257121794,True
0.5,50000000.0,50,25,8473.111849314904,13.592674,26.000000255770416,True
0.5,80000000.0,50,25,7349.265921417568,11.280931,26.000000256095017,True
0.5,100000000.0,50,25,6617.5974657241995,7.55993,26.00000025630749,True