Beta,acc_reg,Intervals,time,avg_power,twall,final_time,b_optimal
0.05,0.0,74,37,23385.951669947848,33.746848,38.000000318696564,True
0.05,1.0,74,37,23385.656458306537,125.89398,37.99998839147932,False
0.05,1000000.0,74,37,23647.268075312815,22.075487,38.000000320526155,True
0.05,5000000.0,74,37,23442.570013627042,121.430612,37.999989905456395,False
0.05,10000000.0,74,37,23369.24358121413,156.37563,37.99999098864597,False
0.05,50000000.0,74,37,23428.485278618882,153.510556,37.99999517250102,False
0.05,80000000.0,74,37,22866.389378226,15.991909,38.000000358596324,True
0.05,100000000.0,74,37,22731.399621506378,23.803107,38.00000036107015,True
0.1,0.0,74,37,23287.25695325399,15.039689,38.000000324609644,True
0.1,1.0,74,37,14629.680003195006,721.804913,37.98666963676687,False
0.1,1000000.0,74,37,23639.514058572542,17.008303,38.00000032272041,True
0.1,5000000.0,74,37,23316.630556384494,147.10172,37.9999905759333,False
0.1,10000000.0,74,37,23347.70570027951,147.206242,37.999991163340844,False
0.1,50000000.0,74,37,23417.221135235235,151.704483,37.999995232700364,False
0.1,80000000.0,74,37,23189.028976836933,178.005181,37.99931170763063,False
0.1,100000000.0,74,37,22775.538385768996,173.996111,38.00000036281004,False
0.15,0.0,74,37,23367.47363434491,141.356657,37.9999892087037,False
0.15,1.0,74,37,23395.82185847138,147.697918,37.99998912249763,False
0.15,1000000.0,74,37,23634.18988780599,15.620378,38.00000032363543,True
0.15,5000000.0,74,37,23620.11866955429,19.067493,38.000000329627355,True
0.15,10000000.0,74,37,23328.2205462671,153.975007,38.00000033391172,False
0.15,50000000.0,74,37,23405.78141026167,126.559648,37.999995290542465,False
0.15,80000000.0,74,37,22836.2154543857,16.257848,38.00000035895224,True
0.15,100000000.0,74,37,23187.088691610057,38.744055,38.00000035417306,True
0.2,0.0,74,37,23414.511501001907,120.876635,37.99998942789756,False
0.2,1.0,74,37,23390.562538671602,119.712714,37.99998953756501,False
0.2,1000000.0,74,37,23432.975165309646,118.85502,38.0000003261192,False
0.2,5000000.0,74,37,23266.09384130501,59.92484,37.99949274502994,False
0.2,10000000.0,74,37,23300.51210500886,148.811216,38.000000335228336,False
0.2,50000000.0,74,37,23393.92028487726,155.448663,37.999995348929495,False
0.2,80000000.0,74,37,22793.87208744352,24.661705,38.000000359386696,True
0.2,100000000.0,74,37,23174.279852525437,43.235491,38.00000035433902,True
0.25,0.0,74,37,23368.277974137513,160.884878,37.99998979429857,False
0.25,1.0,74,37,23621.751434412978,145.875677,38.00000032647377,False
0.25,1000000.0,74,37,23360.926834944323,88.257206,38.000000327193085,True
0.25,5000000.0,74,37,23381.299280453855,19.677719,38.000000330549724,True
0.25,10000000.0,74,37,23305.127550425037,25.860056,38.00000033562254,True
0.25,50000000.0,74,37,23382.249370858382,152.849334,38.00000035454783,False
0.25,80000000.0,74,37,23260.775612568817,87.869822,38.00000035097108,True
0.25,100000000.0,74,37,22681.19354689534,185.384578,37.99999675084732,False
0.3,0.0,74,37,23347.217556272564,21.846046,38.00000032727322,True
0.3,1.0,74,37,23316.886319593348,17.848362,38.000000328180576,True
0.3,1000000.0,74,37,23252.465527903045,25.991562,38.000000331020075,True
0.3,5000000.0,74,37,23598.495170961163,27.214798,38.00000033300623,True
0.3,10000000.0,74,37,23285.45747424369,22.146157,38.00000033663601,True
0.3,50000000.0,74,37,23020.566502154703,28.157377,38.00000035410123,True
0.3,80000000.0,74,37,22813.116609472854,215.966702,37.99999632315799,False
0.3,100000000.0,74,37,22664.27287764219,30.071468,38.00000036156009,True
0.35,0.0,74,37,23608.78389042479,27.388588,38.000000330921516,True
0.35,1.0,74,37,23608.783888259073,25.65675,38.00000033092152,True
0.35,1000000.0,74,37,23347.699703490056,172.679951,37.999990581313064,False
0.35,5000000.0,74,37,23591.922704377892,26.225241,38.00000033390738,True
0.35,10000000.0,74,37,23232.939515311573,23.573338,38.000000338435306,True
0.35,50000000.0,74,37,23356.76585315007,162.841968,37.99999550970809,False
0.35,80000000.0,74,37,22778.549742990013,19.40423,38.00000035965112,True
0.35,100000000.0,74,37,22646.559105300854,36.533582,38.00000036167618,True
0.4,0.0,74,37,23371.74756375292,44.871361,38.00000032959309,True
0.4,1.0,74,37,23602.739627922052,211.200084,37.999991063955946,False
0.4,1000000.0,74,37,23600.1014701336,163.616241,37.99999124242302,False
0.4,5000000.0,74,37,23585.32322917749,168.160685,37.99999155324182,False
0.4,10000000.0,74,37,23569.089503206604,146.885402,37.999992537611845,False
0.4,50000000.0,74,37,23344.418175786624,157.234376,37.99999557023142,False
0.4,80000000.0,74,37,22781.208144686738,12.37817,38.000000359573384,True
0.4,100000000.0,74,37,22625.96660088351,41.221899,38.00000036175817,True
0.45,0.0,74,37,23303.890005779132,134.55874,37.99999084541621,False
0.45,1.0,74,37,23596.758265714034,121.570876,37.99999129999625,False
0.45,1000000.0,74,37,23594.219010005618,183.032565,37.99999145906198,False
0.45,5000000.0,74,37,23578.958895933913,197.602357,37.999991753764355,False
0.45,10000000.0,74,37,23562.672023771756,182.541397,37.999992713910586,False
0.45,50000000.0,74,37,23021.942085381055,28.25561,38.00000035447963,True
0.45,80000000.0,74,37,22764.4814089172,25.517622,38.000000359725775,True
0.45,100000000.0,74,37,22605.376626406895,25.171593,38.00000036183506,True
0.5,0.0,74,37,23246.675785584062,152.205248,37.99999206443189,False
0.5,1.0,74,37,23299.183818211324,180.727416,37.99999104849843,False
0.5,1000000.0,74,37,23588.196542343092,10902.527946,37.99999166680499,False
0.5,5000000.0,74,37,23572.634942974888,185.552466,37.99999194382484,False
0.5,10000000.0,74,37,23247.858999726373,175.016241,37.99999243344095,False
0.5,50000000.0,74,37,22965.860391477094,26.231096,38.0000003552387,True
0.5,80000000.0,74,37,23196.362263394945,38.58808,38.000000352030646,True
0.5,100000000.0,74,37,23095.8608585908,61.930186,38.000000355249554,True
