Beta,acc_reg,Intervals,time,avg_power,twall,final_time,b_optimal
0.05,0.0,60,30,21609.72064796395,8.238155,31.000000299019373,True
0.05,1.0,60,30,21930.349600474383,10.0032,31.000000299830802,True
0.05,1000000.0,60,30,21922.236745520102,8.408257,31.000000299625164,True
0.05,5000000.0,60,30,21915.168522198197,11.79056,31.0000003000313,True
0.05,10000000.0,60,30,21896.0870727325,6.876785,31.000000300369376,True
0.05,50000000.0,60,30,21620.07863302164,6.20944,31.00000030248157,True
0.05,80000000.0,60,30,20628.01727281991,11.571706,31.000000303072078,True
0.05,100000000.0,60,30,19644.727946986226,22.78692,31.000000299451177,True
0.1,0.0,60,30,21929.151240120296,7.991862,31.00000029995237,True
0.1,1.0,60,30,21921.33611654873,7.744846,31.000000299666375,True
0.1,1000000.0,60,30,21681.76873903829,6.386237,31.000000299596525,True
0.1,5000000.0,60,30,21910.27379838616,7.136919,31.000000300113392,True
0.1,10000000.0,60,30,21611.532506189218,10.24831,31.000000299829125,True
0.1,50000000.0,60,30,21608.350265819987,7.295454,31.000000302542688,True
0.1,80000000.0,60,30,21039.01236357625,19.37492,31.000000303550387,True
0.1,100000000.0,60,30,20220.756507926217,9.778138,31.000000303067633,True
0.15,0.0,60,30,21918.231664128383,8.085561,31.000000299789882,True
0.15,1.0,60,30,21918.23166209215,6.30857,31.000000299789882,True
0.15,1000000.0,60,30,21916.00834676862,6.952334,31.00000029987413,True
0.15,5000000.0,60,30,21904.42146685664,9.870282,31.000000300195673,True
0.15,10000000.0,60,30,21506.843276159427,8.667151,31.000000299600014,True
0.15,50000000.0,60,30,21596.26119232066,8.155823,31.00000030260288,True
0.15,80000000.0,60,30,21021.227371125584,24.403631,31.000000303595044,True
0.15,100000000.0,60,30,20183.60233185805,7.373837,31.000000303217046,True
0.2,0.0,60,30,21655.34580039936,7.764231,31.000000299710496,True
0.2,1.0,60,30,21913.424718397673,8.680056,31.000000299881936,True
0.2,1000000.0,60,30,21675.300981711534,10.962973,31.000000299676884,True
0.2,5000000.0,60,30,21892.8155402241,6.703392,31.000000300248136,True
0.2,10000000.0,60,30,21587.720145540457,12.279982,31.000000300277804,True
0.2,50000000.0,60,30,21583.757397957368,8.203282,31.000000302662304,True
0.2,80000000.0,60,30,22055.668332403864,29.518831,31.000000298020293,True
0.2,100000000.0,60,30,20874.022322099416,20.350977,31.000000304312422,True
0.25,0.0,60,30,21907.894047745624,6.786518,31.000000299971862,True
0.25,1.0,60,30,21907.894044758315,6.628998,31.000000299971862,True
0.25,1000000.0,60,30,21904.776054708083,8.252245,31.000000300053408,True
0.25,5000000.0,60,30,21885.890714935613,7.819318,31.0000003003232,True
0.25,10000000.0,60,30,21866.562949431678,10.88603,31.000000300677126,True
0.25,50000000.0,60,30,21570.453832896146,7.827059,31.000000302719958,True
0.25,80000000.0,60,30,21026.47522181857,14.114066,31.000000303787683,True
0.25,100000000.0,60,30,20168.484385255877,8.63335,31.000000303461732,True
0.3,0.0,60,30,21901.07911233694,7.446445,31.000000300057806,True
0.3,1.0,60,30,21901.570082599956,7.540907,31.00000030005951,True
0.3,1000000.0,60,30,21897.73168730331,14.656041,31.000000300139035,True
0.3,5000000.0,60,30,21853.423545530593,6.835705,31.000000300417213,True
0.3,10000000.0,60,30,21830.055384036197,7.852142,31.00000030077736,True
0.3,50000000.0,60,30,21554.48047152647,8.952513,31.00000030277207,True
0.3,80000000.0,60,30,21992.812334747232,15.689662,31.000000298620975,True
0.3,100000000.0,60,30,13275.051736226285,13.636834,31.000000302085954,True
0.35,0.0,60,30,21865.920472164154,12.298296,31.000000300124942,True
0.35,1.0,60,30,21888.31796623993,9.854009,31.00000030012104,True
0.35,1000000.0,60,30,21861.47038124452,8.652961,31.00000030020709,True
0.35,5000000.0,60,30,21491.990665870664,12.650365,31.00000029967928,True
0.35,10000000.0,60,30,21821.138413018725,6.0579,31.000000300855117,True
0.35,50000000.0,60,30,9361.136250333222,109.918284,30.937372420323307,False
0.35,80000000.0,60,30,20744.982893922268,23.829768,31.000000298400987,True
0.35,100000000.0,60,30,20087.350095114627,7.371827,31.000000303352856,True
0.4,0.0,60,30,21881.691550873504,7.376802,31.000000300210182,True
0.4,1.0,60,30,21515.381081228774,10.252022,31.0000002993086,True
0.4,1000000.0,60,30,21850.994312112478,6.626721,31.000000300315307,True
0.4,5000000.0,60,30,21520.836228170214,7.183817,31.00000029998546,True
0.4,10000000.0,60,30,21811.575691863753,9.757012,31.000000300930445,True
0.4,50000000.0,60,30,21499.1098463522,13.139486,31.000000302942823,True
0.4,80000000.0,60,30,21483.035302459655,16.513706,31.00000029804564,True
0.4,100000000.0,60,30,18184.63940154133,68.849451,31.000000299213006,True
0.45,0.0,60,30,21871.856329975733,7.012987,31.000000300299266,True
0.45,1.0,60,30,21871.856321577303,8.511506,31.00000030029927,True
0.45,1000000.0,60,30,21840.567692116943,6.414111,31.00000030041744,True
0.45,5000000.0,60,30,21824.521218248607,7.002045,31.000000300689752,True
0.45,10000000.0,60,30,21800.490402013904,6.99805,31.000000301004842,True
0.45,50000000.0,60,30,21173.407584636698,19.423426,31.000000302727983,True
0.45,80000000.0,60,30,21461.640499898673,14.37509,31.00000029812453,True
0.45,100000000.0,60,30,18149.508488490603,42.843171,31.000000299241684,True
0.5,0.0,60,30,21835.948885077138,8.403876,31.00000030043102,True
0.5,1.0,60,30,21835.94888121478,7.105882,31.00000030043102,True
0.5,1000000.0,60,30,21832.025094858418,8.767185,31.000000300500503,True
0.5,5000000.0,60,30,21815.04352344069,8.878929,31.00000030076804,True
0.5,10000000.0,60,30,21786.667231572592,11.501158,31.000000301078924,True
0.5,50000000.0,60,30,20666.88354031873,15.694024,31.000000302537444,True
0.5,80000000.0,60,30,20672.413059458788,20.484962,31.000000298584887,True
0.5,100000000.0,60,30,20477.884010466234,19.906627,31.000000299692378,True
